{
 "cells": [
  {
   "cell_type": "code",
   "execution_count": 8,
   "metadata": {},
   "outputs": [],
   "source": [
    "import pandas as pd"
   ]
  },
  {
   "cell_type": "code",
   "execution_count": 9,
   "metadata": {
    "scrolled": true
   },
   "outputs": [
    {
     "data": {
      "text/plain": "(14092, 29)"
     },
     "execution_count": 9,
     "metadata": {},
     "output_type": "execute_result"
    }
   ],
   "source": [
    "df = pd.read_csv('fixed_values_ds.csv')\n",
    "df.columns = ['1','2','3','4','5','6','7','8','9','10','11','12','13','14','15','16','17','18','19','20','21','22','23','24','25','26','27','28','29']\n",
    "#data.corr(method ='kendall')\n",
    "df.shape"
   ]
  },
  {
   "cell_type": "code",
   "execution_count": 10,
   "metadata": {},
   "outputs": [
    {
     "data": {
      "text/plain": "       1  2  3  4  5  6  7  8  9  10  ...  20  21  22  23  24  25  26  27  28  \\\n0     -1  0 -1 -1 -1  1  0 -1  1   1  ...  -1  -1  -1  -1   1   1  -1  -1   1   \n1     -1 -1 -1 -1 -1 -1 -1 -1  1   1  ...  -1  -1  -1  -1   1   1  -1  -1   1   \n2     -1 -1 -1 -1 -1 -1 -1 -1  1   1  ...  -1  -1  -1  -1   1   0  -1  -1   1   \n3     -1  1 -1 -1 -1  1  1 -1  1   1  ...  -1  -1  -1   1   1  -1  -1  -1  -1   \n4     -1 -1 -1 -1 -1 -1 -1 -1  1  -1  ...  -1  -1  -1  -1   1   1   1  -1  -1   \n...   .. .. .. .. .. .. .. .. ..  ..  ...  ..  ..  ..  ..  ..  ..  ..  ..  ..   \n14087 -1 -1 -1 -1 -1 -1  0 -1  1  -1  ...  -1  -1  -1   1   1  -1   1  -1   1   \n14088 -1 -1 -1 -1 -1 -1  0 -1  1  -1  ...  -1  -1  -1  -1   1  -1   1  -1  -1   \n14089 -1 -1 -1 -1 -1 -1  0 -1  1  -1  ...  -1  -1  -1  -1   1  -1   1  -1   1   \n14090 -1 -1 -1 -1 -1 -1  0 -1  1  -1  ...  -1  -1  -1  -1   1  -1   1  -1  -1   \n14091 -1 -1 -1 -1 -1 -1  0 -1  1  -1  ...  -1  -1  -1  -1   1  -1   1  -1   1   \n\n       29  \n0       1  \n1       1  \n2       1  \n3       1  \n4       1  \n...    ..  \n14087  -1  \n14088  -1  \n14089  -1  \n14090  -1  \n14091  -1  \n\n[14092 rows x 29 columns]",
      "text/html": "<div>\n<style scoped>\n    .dataframe tbody tr th:only-of-type {\n        vertical-align: middle;\n    }\n\n    .dataframe tbody tr th {\n        vertical-align: top;\n    }\n\n    .dataframe thead th {\n        text-align: right;\n    }\n</style>\n<table border=\"1\" class=\"dataframe\">\n  <thead>\n    <tr style=\"text-align: right;\">\n      <th></th>\n      <th>1</th>\n      <th>2</th>\n      <th>3</th>\n      <th>4</th>\n      <th>5</th>\n      <th>6</th>\n      <th>7</th>\n      <th>8</th>\n      <th>9</th>\n      <th>10</th>\n      <th>...</th>\n      <th>20</th>\n      <th>21</th>\n      <th>22</th>\n      <th>23</th>\n      <th>24</th>\n      <th>25</th>\n      <th>26</th>\n      <th>27</th>\n      <th>28</th>\n      <th>29</th>\n    </tr>\n  </thead>\n  <tbody>\n    <tr>\n      <th>0</th>\n      <td>-1</td>\n      <td>0</td>\n      <td>-1</td>\n      <td>-1</td>\n      <td>-1</td>\n      <td>1</td>\n      <td>0</td>\n      <td>-1</td>\n      <td>1</td>\n      <td>1</td>\n      <td>...</td>\n      <td>-1</td>\n      <td>-1</td>\n      <td>-1</td>\n      <td>-1</td>\n      <td>1</td>\n      <td>1</td>\n      <td>-1</td>\n      <td>-1</td>\n      <td>1</td>\n      <td>1</td>\n    </tr>\n    <tr>\n      <th>1</th>\n      <td>-1</td>\n      <td>-1</td>\n      <td>-1</td>\n      <td>-1</td>\n      <td>-1</td>\n      <td>-1</td>\n      <td>-1</td>\n      <td>-1</td>\n      <td>1</td>\n      <td>1</td>\n      <td>...</td>\n      <td>-1</td>\n      <td>-1</td>\n      <td>-1</td>\n      <td>-1</td>\n      <td>1</td>\n      <td>1</td>\n      <td>-1</td>\n      <td>-1</td>\n      <td>1</td>\n      <td>1</td>\n    </tr>\n    <tr>\n      <th>2</th>\n      <td>-1</td>\n      <td>-1</td>\n      <td>-1</td>\n      <td>-1</td>\n      <td>-1</td>\n      <td>-1</td>\n      <td>-1</td>\n      <td>-1</td>\n      <td>1</td>\n      <td>1</td>\n      <td>...</td>\n      <td>-1</td>\n      <td>-1</td>\n      <td>-1</td>\n      <td>-1</td>\n      <td>1</td>\n      <td>0</td>\n      <td>-1</td>\n      <td>-1</td>\n      <td>1</td>\n      <td>1</td>\n    </tr>\n    <tr>\n      <th>3</th>\n      <td>-1</td>\n      <td>1</td>\n      <td>-1</td>\n      <td>-1</td>\n      <td>-1</td>\n      <td>1</td>\n      <td>1</td>\n      <td>-1</td>\n      <td>1</td>\n      <td>1</td>\n      <td>...</td>\n      <td>-1</td>\n      <td>-1</td>\n      <td>-1</td>\n      <td>1</td>\n      <td>1</td>\n      <td>-1</td>\n      <td>-1</td>\n      <td>-1</td>\n      <td>-1</td>\n      <td>1</td>\n    </tr>\n    <tr>\n      <th>4</th>\n      <td>-1</td>\n      <td>-1</td>\n      <td>-1</td>\n      <td>-1</td>\n      <td>-1</td>\n      <td>-1</td>\n      <td>-1</td>\n      <td>-1</td>\n      <td>1</td>\n      <td>-1</td>\n      <td>...</td>\n      <td>-1</td>\n      <td>-1</td>\n      <td>-1</td>\n      <td>-1</td>\n      <td>1</td>\n      <td>1</td>\n      <td>1</td>\n      <td>-1</td>\n      <td>-1</td>\n      <td>1</td>\n    </tr>\n    <tr>\n      <th>...</th>\n      <td>...</td>\n      <td>...</td>\n      <td>...</td>\n      <td>...</td>\n      <td>...</td>\n      <td>...</td>\n      <td>...</td>\n      <td>...</td>\n      <td>...</td>\n      <td>...</td>\n      <td>...</td>\n      <td>...</td>\n      <td>...</td>\n      <td>...</td>\n      <td>...</td>\n      <td>...</td>\n      <td>...</td>\n      <td>...</td>\n      <td>...</td>\n      <td>...</td>\n      <td>...</td>\n    </tr>\n    <tr>\n      <th>14087</th>\n      <td>-1</td>\n      <td>-1</td>\n      <td>-1</td>\n      <td>-1</td>\n      <td>-1</td>\n      <td>-1</td>\n      <td>0</td>\n      <td>-1</td>\n      <td>1</td>\n      <td>-1</td>\n      <td>...</td>\n      <td>-1</td>\n      <td>-1</td>\n      <td>-1</td>\n      <td>1</td>\n      <td>1</td>\n      <td>-1</td>\n      <td>1</td>\n      <td>-1</td>\n      <td>1</td>\n      <td>-1</td>\n    </tr>\n    <tr>\n      <th>14088</th>\n      <td>-1</td>\n      <td>-1</td>\n      <td>-1</td>\n      <td>-1</td>\n      <td>-1</td>\n      <td>-1</td>\n      <td>0</td>\n      <td>-1</td>\n      <td>1</td>\n      <td>-1</td>\n      <td>...</td>\n      <td>-1</td>\n      <td>-1</td>\n      <td>-1</td>\n      <td>-1</td>\n      <td>1</td>\n      <td>-1</td>\n      <td>1</td>\n      <td>-1</td>\n      <td>-1</td>\n      <td>-1</td>\n    </tr>\n    <tr>\n      <th>14089</th>\n      <td>-1</td>\n      <td>-1</td>\n      <td>-1</td>\n      <td>-1</td>\n      <td>-1</td>\n      <td>-1</td>\n      <td>0</td>\n      <td>-1</td>\n      <td>1</td>\n      <td>-1</td>\n      <td>...</td>\n      <td>-1</td>\n      <td>-1</td>\n      <td>-1</td>\n      <td>-1</td>\n      <td>1</td>\n      <td>-1</td>\n      <td>1</td>\n      <td>-1</td>\n      <td>1</td>\n      <td>-1</td>\n    </tr>\n    <tr>\n      <th>14090</th>\n      <td>-1</td>\n      <td>-1</td>\n      <td>-1</td>\n      <td>-1</td>\n      <td>-1</td>\n      <td>-1</td>\n      <td>0</td>\n      <td>-1</td>\n      <td>1</td>\n      <td>-1</td>\n      <td>...</td>\n      <td>-1</td>\n      <td>-1</td>\n      <td>-1</td>\n      <td>-1</td>\n      <td>1</td>\n      <td>-1</td>\n      <td>1</td>\n      <td>-1</td>\n      <td>-1</td>\n      <td>-1</td>\n    </tr>\n    <tr>\n      <th>14091</th>\n      <td>-1</td>\n      <td>-1</td>\n      <td>-1</td>\n      <td>-1</td>\n      <td>-1</td>\n      <td>-1</td>\n      <td>0</td>\n      <td>-1</td>\n      <td>1</td>\n      <td>-1</td>\n      <td>...</td>\n      <td>-1</td>\n      <td>-1</td>\n      <td>-1</td>\n      <td>-1</td>\n      <td>1</td>\n      <td>-1</td>\n      <td>1</td>\n      <td>-1</td>\n      <td>1</td>\n      <td>-1</td>\n    </tr>\n  </tbody>\n</table>\n<p>14092 rows × 29 columns</p>\n</div>"
     },
     "execution_count": 10,
     "metadata": {},
     "output_type": "execute_result"
    }
   ],
   "source": [
    "df"
   ]
  },
  {
   "cell_type": "code",
   "execution_count": 11,
   "metadata": {},
   "outputs": [
    {
     "name": "stdout",
     "output_type": "stream",
     "text": [
      "number of 1 7048\n",
      "number of -1 7044\n"
     ]
    }
   ],
   "source": [
    "print(\"number of 1\",len(df[df[\"29\"]==1]))\n",
    "print(\"number of -1\",len(df[df[\"29\"]==-1]))"
   ]
  },
  {
   "cell_type": "code",
   "execution_count": 12,
   "metadata": {},
   "outputs": [
    {
     "data": {
      "text/plain": "           1         2         3         4         5         6         7  \\\n1   1.000000 -0.023806 -0.015768 -0.004611 -0.002767 -0.003491  0.048173   \n2  -0.023806  1.000000  0.021400  0.086330  0.033310  0.196052  0.402785   \n3  -0.015768  0.021400  1.000000  0.007564  0.015050 -0.075735  0.062548   \n4  -0.004611  0.086330  0.007564  1.000000  0.038241  0.000999  0.075315   \n5  -0.002767  0.033310  0.015050  0.038241  1.000000  0.015983  0.021797   \n6  -0.003491  0.196052 -0.075735  0.000999  0.015983  1.000000 -0.019698   \n7   0.048173  0.402785  0.062548  0.075315  0.021797 -0.019698  1.000000   \n8   0.037371  0.232808  0.012034 -0.009988 -0.032597  0.054156  0.269802   \n9   0.017649  0.031044 -0.103495  0.021667  0.019067  0.066579 -0.043607   \n10  0.019428  0.168918 -0.013318  0.016195  0.020989  0.077262  0.160339   \n11 -0.000603  0.002719 -0.003712 -0.001085 -0.000651 -0.005844  0.002690   \n12  0.053495  0.239959 -0.030177  0.009766  0.037283  0.115577 -0.175933   \n13 -0.027115 -0.148529 -0.010693  0.023375  0.041729 -0.020193 -0.188219   \n14 -0.020256 -0.109307  0.006492  0.037209  0.029058 -0.000794 -0.156416   \n15 -0.029864 -0.165848 -0.025581  0.026462  0.048223 -0.022646 -0.203063   \n16  0.027565  0.135164 -0.007709 -0.011846 -0.042565  0.004913  0.201151   \n17  0.037782  0.232345  0.012352 -0.015493 -0.032047  0.051323  0.272341   \n18  0.039746  0.227792  0.006154 -0.017367 -0.033246  0.044948  0.266140   \n19  0.037782  0.232345  0.012352 -0.015493 -0.032047  0.051323  0.272341   \n20  0.037718  0.231082  0.012413 -0.015627 -0.032133  0.050630  0.272308   \n21  0.037770  0.232092  0.012263 -0.015519 -0.032064  0.051184  0.272001   \n22  0.036536  0.221057  0.010757 -0.014935 -0.033736  0.042145  0.263737   \n23  0.012811  0.171264  0.003684  0.000915 -0.009345  0.056841  0.213635   \n24  0.017172  0.032140 -0.110236  0.020589  0.018552  0.066169 -0.051044   \n25  0.046480  0.061763  0.047298  0.066384  0.043392  0.193511 -0.165725   \n26  0.019166  0.068410 -0.005769 -0.041705 -0.045441 -0.034808  0.137885   \n27 -0.028002  0.058471 -0.019041 -0.000350 -0.011814  0.068813  0.005606   \n28  0.020498  0.143279  0.019203  0.009814 -0.007785  0.044445  0.158809   \n29  0.050594  0.189158  0.002160  0.084795  0.052056  0.196389 -0.162858   \n\n           8         9        10  ...        20        21        22        23  \\\n1   0.037371  0.017649  0.019428  ...  0.037718  0.037770  0.036536  0.012811   \n2   0.232808  0.031044  0.168918  ...  0.231082  0.232092  0.221057  0.171264   \n3   0.012034 -0.103495 -0.013318  ...  0.012413  0.012263  0.010757  0.003684   \n4  -0.009988  0.021667  0.016195  ... -0.015627 -0.015519 -0.014935  0.000915   \n5  -0.032597  0.019067  0.020989  ... -0.032133 -0.032064 -0.033736 -0.009345   \n6   0.054156  0.066579  0.077262  ...  0.050630  0.051184  0.042145  0.056841   \n7   0.269802 -0.043607  0.160339  ...  0.272308  0.272001  0.263737  0.213635   \n8   1.000000 -0.020716  0.451098  ...  0.989266  0.990441  0.962337  0.398338   \n9  -0.020716  1.000000  0.047573  ... -0.021085 -0.022406 -0.023008 -0.017991   \n10  0.451098  0.047573  1.000000  ...  0.447140  0.446620  0.399460  0.227366   \n11 -0.001930  0.004155  0.004574  ... -0.001836 -0.001822 -0.002162 -0.019087   \n12 -0.115373  0.125130  0.074035  ... -0.117218 -0.115588 -0.121700 -0.051498   \n13 -0.753626  0.031059 -0.044094  ... -0.765064 -0.766872 -0.769156 -0.283006   \n14 -0.610392  0.030348 -0.143781  ... -0.625550 -0.627510 -0.621657 -0.213435   \n15 -0.823449  0.038252 -0.017100  ... -0.835343 -0.837033 -0.828836 -0.309851   \n16  0.756919 -0.023901  0.269792  ...  0.767629  0.768829  0.760733  0.309766   \n17  0.990735 -0.021581  0.446919  ...  0.998548  0.999710  0.971952  0.399058   \n18  0.970439 -0.018376  0.448744  ...  0.978462  0.979654  0.951140  0.394578   \n19  0.990735 -0.021581  0.446919  ...  0.998548  0.999710  0.971952  0.399058   \n20  0.989266 -0.021085  0.447140  ...  1.000000  0.998257  0.970446  0.397805   \n21  0.990441 -0.022406  0.446620  ...  0.998257  1.000000  0.972234  0.398935   \n22  0.962337 -0.023008  0.399460  ...  0.970446  0.972234  1.000000  0.385414   \n23  0.398338 -0.017991  0.227366  ...  0.397805  0.398935  0.385414  1.000000   \n24 -0.010460  0.972998  0.050267  ... -0.010719 -0.012050 -0.013089 -0.015026   \n25  0.050028  0.166561  0.179222  ...  0.045554  0.047049  0.033827  0.040117   \n26  0.589925 -0.049158 -0.096921  ...  0.608898  0.608190  0.619969  0.196686   \n27  0.427762  0.031866  0.209403  ...  0.430850  0.431410  0.418354  0.185747   \n28  0.386278 -0.008752  0.327886  ...  0.382664  0.382131  0.359119  0.196225   \n29 -0.042172  0.208246  0.171904  ... -0.046714 -0.045269 -0.059191  0.001283   \n\n          24        25        26        27        28        29  \n1   0.017172  0.046480  0.019166 -0.028002  0.020498  0.050594  \n2   0.032140  0.061763  0.068410  0.058471  0.143279  0.189158  \n3  -0.110236  0.047298 -0.005769 -0.019041  0.019203  0.002160  \n4   0.020589  0.066384 -0.041705 -0.000350  0.009814  0.084795  \n5   0.018552  0.043392 -0.045441 -0.011814 -0.007785  0.052056  \n6   0.066169  0.193511 -0.034808  0.068813  0.044445  0.196389  \n7  -0.051044 -0.165725  0.137885  0.005606  0.158809 -0.162858  \n8  -0.010460  0.050028  0.589925  0.427762  0.386278 -0.042172  \n9   0.972998  0.166561 -0.049158  0.031866 -0.008752  0.208246  \n10  0.050267  0.179222 -0.096921  0.209403  0.327886  0.171904  \n11  0.004043 -0.001546  0.006222  0.021533 -0.012295  0.011911  \n12  0.138363  0.369493 -0.203779  0.151805 -0.013061  0.599671  \n13  0.021297  0.042834 -0.760359 -0.319978 -0.065670  0.136442  \n14  0.022417  0.087684 -0.709972 -0.253046  0.001819  0.113108  \n15  0.031173  0.034136 -0.733626 -0.362241 -0.215009  0.131338  \n16 -0.013664 -0.057199  0.685585  0.322846  0.142639 -0.151249  \n17 -0.011203  0.047235  0.608014  0.431550  0.381998 -0.045267  \n18 -0.004446  0.028031  0.612265  0.421879  0.353683 -0.061120  \n19 -0.011203  0.047235  0.608014  0.431550  0.381998 -0.045267  \n20 -0.010719  0.045554  0.608898  0.430850  0.382664 -0.046714  \n21 -0.012050  0.047049  0.608190  0.431410  0.382131 -0.045269  \n22 -0.013089  0.033827  0.619969  0.418354  0.359119 -0.059191  \n23 -0.015026  0.040117  0.196686  0.185747  0.196225  0.001283  \n24  1.000000  0.178497 -0.041942  0.054521 -0.008750  0.215349  \n25  0.178497  1.000000 -0.160724  0.390875  0.127611  0.609103  \n26 -0.041942 -0.160724  1.000000  0.241577 -0.025789 -0.267080  \n27  0.054521  0.390875  0.241577  1.000000  0.219291  0.315945  \n28 -0.008750  0.127611 -0.025789  0.219291  1.000000  0.041312  \n29  0.215349  0.609103 -0.267080  0.315945  0.041312  1.000000  \n\n[29 rows x 29 columns]",
      "text/html": "<div>\n<style scoped>\n    .dataframe tbody tr th:only-of-type {\n        vertical-align: middle;\n    }\n\n    .dataframe tbody tr th {\n        vertical-align: top;\n    }\n\n    .dataframe thead th {\n        text-align: right;\n    }\n</style>\n<table border=\"1\" class=\"dataframe\">\n  <thead>\n    <tr style=\"text-align: right;\">\n      <th></th>\n      <th>1</th>\n      <th>2</th>\n      <th>3</th>\n      <th>4</th>\n      <th>5</th>\n      <th>6</th>\n      <th>7</th>\n      <th>8</th>\n      <th>9</th>\n      <th>10</th>\n      <th>...</th>\n      <th>20</th>\n      <th>21</th>\n      <th>22</th>\n      <th>23</th>\n      <th>24</th>\n      <th>25</th>\n      <th>26</th>\n      <th>27</th>\n      <th>28</th>\n      <th>29</th>\n    </tr>\n  </thead>\n  <tbody>\n    <tr>\n      <th>1</th>\n      <td>1.000000</td>\n      <td>-0.023806</td>\n      <td>-0.015768</td>\n      <td>-0.004611</td>\n      <td>-0.002767</td>\n      <td>-0.003491</td>\n      <td>0.048173</td>\n      <td>0.037371</td>\n      <td>0.017649</td>\n      <td>0.019428</td>\n      <td>...</td>\n      <td>0.037718</td>\n      <td>0.037770</td>\n      <td>0.036536</td>\n      <td>0.012811</td>\n      <td>0.017172</td>\n      <td>0.046480</td>\n      <td>0.019166</td>\n      <td>-0.028002</td>\n      <td>0.020498</td>\n      <td>0.050594</td>\n    </tr>\n    <tr>\n      <th>2</th>\n      <td>-0.023806</td>\n      <td>1.000000</td>\n      <td>0.021400</td>\n      <td>0.086330</td>\n      <td>0.033310</td>\n      <td>0.196052</td>\n      <td>0.402785</td>\n      <td>0.232808</td>\n      <td>0.031044</td>\n      <td>0.168918</td>\n      <td>...</td>\n      <td>0.231082</td>\n      <td>0.232092</td>\n      <td>0.221057</td>\n      <td>0.171264</td>\n      <td>0.032140</td>\n      <td>0.061763</td>\n      <td>0.068410</td>\n      <td>0.058471</td>\n      <td>0.143279</td>\n      <td>0.189158</td>\n    </tr>\n    <tr>\n      <th>3</th>\n      <td>-0.015768</td>\n      <td>0.021400</td>\n      <td>1.000000</td>\n      <td>0.007564</td>\n      <td>0.015050</td>\n      <td>-0.075735</td>\n      <td>0.062548</td>\n      <td>0.012034</td>\n      <td>-0.103495</td>\n      <td>-0.013318</td>\n      <td>...</td>\n      <td>0.012413</td>\n      <td>0.012263</td>\n      <td>0.010757</td>\n      <td>0.003684</td>\n      <td>-0.110236</td>\n      <td>0.047298</td>\n      <td>-0.005769</td>\n      <td>-0.019041</td>\n      <td>0.019203</td>\n      <td>0.002160</td>\n    </tr>\n    <tr>\n      <th>4</th>\n      <td>-0.004611</td>\n      <td>0.086330</td>\n      <td>0.007564</td>\n      <td>1.000000</td>\n      <td>0.038241</td>\n      <td>0.000999</td>\n      <td>0.075315</td>\n      <td>-0.009988</td>\n      <td>0.021667</td>\n      <td>0.016195</td>\n      <td>...</td>\n      <td>-0.015627</td>\n      <td>-0.015519</td>\n      <td>-0.014935</td>\n      <td>0.000915</td>\n      <td>0.020589</td>\n      <td>0.066384</td>\n      <td>-0.041705</td>\n      <td>-0.000350</td>\n      <td>0.009814</td>\n      <td>0.084795</td>\n    </tr>\n    <tr>\n      <th>5</th>\n      <td>-0.002767</td>\n      <td>0.033310</td>\n      <td>0.015050</td>\n      <td>0.038241</td>\n      <td>1.000000</td>\n      <td>0.015983</td>\n      <td>0.021797</td>\n      <td>-0.032597</td>\n      <td>0.019067</td>\n      <td>0.020989</td>\n      <td>...</td>\n      <td>-0.032133</td>\n      <td>-0.032064</td>\n      <td>-0.033736</td>\n      <td>-0.009345</td>\n      <td>0.018552</td>\n      <td>0.043392</td>\n      <td>-0.045441</td>\n      <td>-0.011814</td>\n      <td>-0.007785</td>\n      <td>0.052056</td>\n    </tr>\n    <tr>\n      <th>6</th>\n      <td>-0.003491</td>\n      <td>0.196052</td>\n      <td>-0.075735</td>\n      <td>0.000999</td>\n      <td>0.015983</td>\n      <td>1.000000</td>\n      <td>-0.019698</td>\n      <td>0.054156</td>\n      <td>0.066579</td>\n      <td>0.077262</td>\n      <td>...</td>\n      <td>0.050630</td>\n      <td>0.051184</td>\n      <td>0.042145</td>\n      <td>0.056841</td>\n      <td>0.066169</td>\n      <td>0.193511</td>\n      <td>-0.034808</td>\n      <td>0.068813</td>\n      <td>0.044445</td>\n      <td>0.196389</td>\n    </tr>\n    <tr>\n      <th>7</th>\n      <td>0.048173</td>\n      <td>0.402785</td>\n      <td>0.062548</td>\n      <td>0.075315</td>\n      <td>0.021797</td>\n      <td>-0.019698</td>\n      <td>1.000000</td>\n      <td>0.269802</td>\n      <td>-0.043607</td>\n      <td>0.160339</td>\n      <td>...</td>\n      <td>0.272308</td>\n      <td>0.272001</td>\n      <td>0.263737</td>\n      <td>0.213635</td>\n      <td>-0.051044</td>\n      <td>-0.165725</td>\n      <td>0.137885</td>\n      <td>0.005606</td>\n      <td>0.158809</td>\n      <td>-0.162858</td>\n    </tr>\n    <tr>\n      <th>8</th>\n      <td>0.037371</td>\n      <td>0.232808</td>\n      <td>0.012034</td>\n      <td>-0.009988</td>\n      <td>-0.032597</td>\n      <td>0.054156</td>\n      <td>0.269802</td>\n      <td>1.000000</td>\n      <td>-0.020716</td>\n      <td>0.451098</td>\n      <td>...</td>\n      <td>0.989266</td>\n      <td>0.990441</td>\n      <td>0.962337</td>\n      <td>0.398338</td>\n      <td>-0.010460</td>\n      <td>0.050028</td>\n      <td>0.589925</td>\n      <td>0.427762</td>\n      <td>0.386278</td>\n      <td>-0.042172</td>\n    </tr>\n    <tr>\n      <th>9</th>\n      <td>0.017649</td>\n      <td>0.031044</td>\n      <td>-0.103495</td>\n      <td>0.021667</td>\n      <td>0.019067</td>\n      <td>0.066579</td>\n      <td>-0.043607</td>\n      <td>-0.020716</td>\n      <td>1.000000</td>\n      <td>0.047573</td>\n      <td>...</td>\n      <td>-0.021085</td>\n      <td>-0.022406</td>\n      <td>-0.023008</td>\n      <td>-0.017991</td>\n      <td>0.972998</td>\n      <td>0.166561</td>\n      <td>-0.049158</td>\n      <td>0.031866</td>\n      <td>-0.008752</td>\n      <td>0.208246</td>\n    </tr>\n    <tr>\n      <th>10</th>\n      <td>0.019428</td>\n      <td>0.168918</td>\n      <td>-0.013318</td>\n      <td>0.016195</td>\n      <td>0.020989</td>\n      <td>0.077262</td>\n      <td>0.160339</td>\n      <td>0.451098</td>\n      <td>0.047573</td>\n      <td>1.000000</td>\n      <td>...</td>\n      <td>0.447140</td>\n      <td>0.446620</td>\n      <td>0.399460</td>\n      <td>0.227366</td>\n      <td>0.050267</td>\n      <td>0.179222</td>\n      <td>-0.096921</td>\n      <td>0.209403</td>\n      <td>0.327886</td>\n      <td>0.171904</td>\n    </tr>\n    <tr>\n      <th>11</th>\n      <td>-0.000603</td>\n      <td>0.002719</td>\n      <td>-0.003712</td>\n      <td>-0.001085</td>\n      <td>-0.000651</td>\n      <td>-0.005844</td>\n      <td>0.002690</td>\n      <td>-0.001930</td>\n      <td>0.004155</td>\n      <td>0.004574</td>\n      <td>...</td>\n      <td>-0.001836</td>\n      <td>-0.001822</td>\n      <td>-0.002162</td>\n      <td>-0.019087</td>\n      <td>0.004043</td>\n      <td>-0.001546</td>\n      <td>0.006222</td>\n      <td>0.021533</td>\n      <td>-0.012295</td>\n      <td>0.011911</td>\n    </tr>\n    <tr>\n      <th>12</th>\n      <td>0.053495</td>\n      <td>0.239959</td>\n      <td>-0.030177</td>\n      <td>0.009766</td>\n      <td>0.037283</td>\n      <td>0.115577</td>\n      <td>-0.175933</td>\n      <td>-0.115373</td>\n      <td>0.125130</td>\n      <td>0.074035</td>\n      <td>...</td>\n      <td>-0.117218</td>\n      <td>-0.115588</td>\n      <td>-0.121700</td>\n      <td>-0.051498</td>\n      <td>0.138363</td>\n      <td>0.369493</td>\n      <td>-0.203779</td>\n      <td>0.151805</td>\n      <td>-0.013061</td>\n      <td>0.599671</td>\n    </tr>\n    <tr>\n      <th>13</th>\n      <td>-0.027115</td>\n      <td>-0.148529</td>\n      <td>-0.010693</td>\n      <td>0.023375</td>\n      <td>0.041729</td>\n      <td>-0.020193</td>\n      <td>-0.188219</td>\n      <td>-0.753626</td>\n      <td>0.031059</td>\n      <td>-0.044094</td>\n      <td>...</td>\n      <td>-0.765064</td>\n      <td>-0.766872</td>\n      <td>-0.769156</td>\n      <td>-0.283006</td>\n      <td>0.021297</td>\n      <td>0.042834</td>\n      <td>-0.760359</td>\n      <td>-0.319978</td>\n      <td>-0.065670</td>\n      <td>0.136442</td>\n    </tr>\n    <tr>\n      <th>14</th>\n      <td>-0.020256</td>\n      <td>-0.109307</td>\n      <td>0.006492</td>\n      <td>0.037209</td>\n      <td>0.029058</td>\n      <td>-0.000794</td>\n      <td>-0.156416</td>\n      <td>-0.610392</td>\n      <td>0.030348</td>\n      <td>-0.143781</td>\n      <td>...</td>\n      <td>-0.625550</td>\n      <td>-0.627510</td>\n      <td>-0.621657</td>\n      <td>-0.213435</td>\n      <td>0.022417</td>\n      <td>0.087684</td>\n      <td>-0.709972</td>\n      <td>-0.253046</td>\n      <td>0.001819</td>\n      <td>0.113108</td>\n    </tr>\n    <tr>\n      <th>15</th>\n      <td>-0.029864</td>\n      <td>-0.165848</td>\n      <td>-0.025581</td>\n      <td>0.026462</td>\n      <td>0.048223</td>\n      <td>-0.022646</td>\n      <td>-0.203063</td>\n      <td>-0.823449</td>\n      <td>0.038252</td>\n      <td>-0.017100</td>\n      <td>...</td>\n      <td>-0.835343</td>\n      <td>-0.837033</td>\n      <td>-0.828836</td>\n      <td>-0.309851</td>\n      <td>0.031173</td>\n      <td>0.034136</td>\n      <td>-0.733626</td>\n      <td>-0.362241</td>\n      <td>-0.215009</td>\n      <td>0.131338</td>\n    </tr>\n    <tr>\n      <th>16</th>\n      <td>0.027565</td>\n      <td>0.135164</td>\n      <td>-0.007709</td>\n      <td>-0.011846</td>\n      <td>-0.042565</td>\n      <td>0.004913</td>\n      <td>0.201151</td>\n      <td>0.756919</td>\n      <td>-0.023901</td>\n      <td>0.269792</td>\n      <td>...</td>\n      <td>0.767629</td>\n      <td>0.768829</td>\n      <td>0.760733</td>\n      <td>0.309766</td>\n      <td>-0.013664</td>\n      <td>-0.057199</td>\n      <td>0.685585</td>\n      <td>0.322846</td>\n      <td>0.142639</td>\n      <td>-0.151249</td>\n    </tr>\n    <tr>\n      <th>17</th>\n      <td>0.037782</td>\n      <td>0.232345</td>\n      <td>0.012352</td>\n      <td>-0.015493</td>\n      <td>-0.032047</td>\n      <td>0.051323</td>\n      <td>0.272341</td>\n      <td>0.990735</td>\n      <td>-0.021581</td>\n      <td>0.446919</td>\n      <td>...</td>\n      <td>0.998548</td>\n      <td>0.999710</td>\n      <td>0.971952</td>\n      <td>0.399058</td>\n      <td>-0.011203</td>\n      <td>0.047235</td>\n      <td>0.608014</td>\n      <td>0.431550</td>\n      <td>0.381998</td>\n      <td>-0.045267</td>\n    </tr>\n    <tr>\n      <th>18</th>\n      <td>0.039746</td>\n      <td>0.227792</td>\n      <td>0.006154</td>\n      <td>-0.017367</td>\n      <td>-0.033246</td>\n      <td>0.044948</td>\n      <td>0.266140</td>\n      <td>0.970439</td>\n      <td>-0.018376</td>\n      <td>0.448744</td>\n      <td>...</td>\n      <td>0.978462</td>\n      <td>0.979654</td>\n      <td>0.951140</td>\n      <td>0.394578</td>\n      <td>-0.004446</td>\n      <td>0.028031</td>\n      <td>0.612265</td>\n      <td>0.421879</td>\n      <td>0.353683</td>\n      <td>-0.061120</td>\n    </tr>\n    <tr>\n      <th>19</th>\n      <td>0.037782</td>\n      <td>0.232345</td>\n      <td>0.012352</td>\n      <td>-0.015493</td>\n      <td>-0.032047</td>\n      <td>0.051323</td>\n      <td>0.272341</td>\n      <td>0.990735</td>\n      <td>-0.021581</td>\n      <td>0.446919</td>\n      <td>...</td>\n      <td>0.998548</td>\n      <td>0.999710</td>\n      <td>0.971952</td>\n      <td>0.399058</td>\n      <td>-0.011203</td>\n      <td>0.047235</td>\n      <td>0.608014</td>\n      <td>0.431550</td>\n      <td>0.381998</td>\n      <td>-0.045267</td>\n    </tr>\n    <tr>\n      <th>20</th>\n      <td>0.037718</td>\n      <td>0.231082</td>\n      <td>0.012413</td>\n      <td>-0.015627</td>\n      <td>-0.032133</td>\n      <td>0.050630</td>\n      <td>0.272308</td>\n      <td>0.989266</td>\n      <td>-0.021085</td>\n      <td>0.447140</td>\n      <td>...</td>\n      <td>1.000000</td>\n      <td>0.998257</td>\n      <td>0.970446</td>\n      <td>0.397805</td>\n      <td>-0.010719</td>\n      <td>0.045554</td>\n      <td>0.608898</td>\n      <td>0.430850</td>\n      <td>0.382664</td>\n      <td>-0.046714</td>\n    </tr>\n    <tr>\n      <th>21</th>\n      <td>0.037770</td>\n      <td>0.232092</td>\n      <td>0.012263</td>\n      <td>-0.015519</td>\n      <td>-0.032064</td>\n      <td>0.051184</td>\n      <td>0.272001</td>\n      <td>0.990441</td>\n      <td>-0.022406</td>\n      <td>0.446620</td>\n      <td>...</td>\n      <td>0.998257</td>\n      <td>1.000000</td>\n      <td>0.972234</td>\n      <td>0.398935</td>\n      <td>-0.012050</td>\n      <td>0.047049</td>\n      <td>0.608190</td>\n      <td>0.431410</td>\n      <td>0.382131</td>\n      <td>-0.045269</td>\n    </tr>\n    <tr>\n      <th>22</th>\n      <td>0.036536</td>\n      <td>0.221057</td>\n      <td>0.010757</td>\n      <td>-0.014935</td>\n      <td>-0.033736</td>\n      <td>0.042145</td>\n      <td>0.263737</td>\n      <td>0.962337</td>\n      <td>-0.023008</td>\n      <td>0.399460</td>\n      <td>...</td>\n      <td>0.970446</td>\n      <td>0.972234</td>\n      <td>1.000000</td>\n      <td>0.385414</td>\n      <td>-0.013089</td>\n      <td>0.033827</td>\n      <td>0.619969</td>\n      <td>0.418354</td>\n      <td>0.359119</td>\n      <td>-0.059191</td>\n    </tr>\n    <tr>\n      <th>23</th>\n      <td>0.012811</td>\n      <td>0.171264</td>\n      <td>0.003684</td>\n      <td>0.000915</td>\n      <td>-0.009345</td>\n      <td>0.056841</td>\n      <td>0.213635</td>\n      <td>0.398338</td>\n      <td>-0.017991</td>\n      <td>0.227366</td>\n      <td>...</td>\n      <td>0.397805</td>\n      <td>0.398935</td>\n      <td>0.385414</td>\n      <td>1.000000</td>\n      <td>-0.015026</td>\n      <td>0.040117</td>\n      <td>0.196686</td>\n      <td>0.185747</td>\n      <td>0.196225</td>\n      <td>0.001283</td>\n    </tr>\n    <tr>\n      <th>24</th>\n      <td>0.017172</td>\n      <td>0.032140</td>\n      <td>-0.110236</td>\n      <td>0.020589</td>\n      <td>0.018552</td>\n      <td>0.066169</td>\n      <td>-0.051044</td>\n      <td>-0.010460</td>\n      <td>0.972998</td>\n      <td>0.050267</td>\n      <td>...</td>\n      <td>-0.010719</td>\n      <td>-0.012050</td>\n      <td>-0.013089</td>\n      <td>-0.015026</td>\n      <td>1.000000</td>\n      <td>0.178497</td>\n      <td>-0.041942</td>\n      <td>0.054521</td>\n      <td>-0.008750</td>\n      <td>0.215349</td>\n    </tr>\n    <tr>\n      <th>25</th>\n      <td>0.046480</td>\n      <td>0.061763</td>\n      <td>0.047298</td>\n      <td>0.066384</td>\n      <td>0.043392</td>\n      <td>0.193511</td>\n      <td>-0.165725</td>\n      <td>0.050028</td>\n      <td>0.166561</td>\n      <td>0.179222</td>\n      <td>...</td>\n      <td>0.045554</td>\n      <td>0.047049</td>\n      <td>0.033827</td>\n      <td>0.040117</td>\n      <td>0.178497</td>\n      <td>1.000000</td>\n      <td>-0.160724</td>\n      <td>0.390875</td>\n      <td>0.127611</td>\n      <td>0.609103</td>\n    </tr>\n    <tr>\n      <th>26</th>\n      <td>0.019166</td>\n      <td>0.068410</td>\n      <td>-0.005769</td>\n      <td>-0.041705</td>\n      <td>-0.045441</td>\n      <td>-0.034808</td>\n      <td>0.137885</td>\n      <td>0.589925</td>\n      <td>-0.049158</td>\n      <td>-0.096921</td>\n      <td>...</td>\n      <td>0.608898</td>\n      <td>0.608190</td>\n      <td>0.619969</td>\n      <td>0.196686</td>\n      <td>-0.041942</td>\n      <td>-0.160724</td>\n      <td>1.000000</td>\n      <td>0.241577</td>\n      <td>-0.025789</td>\n      <td>-0.267080</td>\n    </tr>\n    <tr>\n      <th>27</th>\n      <td>-0.028002</td>\n      <td>0.058471</td>\n      <td>-0.019041</td>\n      <td>-0.000350</td>\n      <td>-0.011814</td>\n      <td>0.068813</td>\n      <td>0.005606</td>\n      <td>0.427762</td>\n      <td>0.031866</td>\n      <td>0.209403</td>\n      <td>...</td>\n      <td>0.430850</td>\n      <td>0.431410</td>\n      <td>0.418354</td>\n      <td>0.185747</td>\n      <td>0.054521</td>\n      <td>0.390875</td>\n      <td>0.241577</td>\n      <td>1.000000</td>\n      <td>0.219291</td>\n      <td>0.315945</td>\n    </tr>\n    <tr>\n      <th>28</th>\n      <td>0.020498</td>\n      <td>0.143279</td>\n      <td>0.019203</td>\n      <td>0.009814</td>\n      <td>-0.007785</td>\n      <td>0.044445</td>\n      <td>0.158809</td>\n      <td>0.386278</td>\n      <td>-0.008752</td>\n      <td>0.327886</td>\n      <td>...</td>\n      <td>0.382664</td>\n      <td>0.382131</td>\n      <td>0.359119</td>\n      <td>0.196225</td>\n      <td>-0.008750</td>\n      <td>0.127611</td>\n      <td>-0.025789</td>\n      <td>0.219291</td>\n      <td>1.000000</td>\n      <td>0.041312</td>\n    </tr>\n    <tr>\n      <th>29</th>\n      <td>0.050594</td>\n      <td>0.189158</td>\n      <td>0.002160</td>\n      <td>0.084795</td>\n      <td>0.052056</td>\n      <td>0.196389</td>\n      <td>-0.162858</td>\n      <td>-0.042172</td>\n      <td>0.208246</td>\n      <td>0.171904</td>\n      <td>...</td>\n      <td>-0.046714</td>\n      <td>-0.045269</td>\n      <td>-0.059191</td>\n      <td>0.001283</td>\n      <td>0.215349</td>\n      <td>0.609103</td>\n      <td>-0.267080</td>\n      <td>0.315945</td>\n      <td>0.041312</td>\n      <td>1.000000</td>\n    </tr>\n  </tbody>\n</table>\n<p>29 rows × 29 columns</p>\n</div>"
     },
     "execution_count": 12,
     "metadata": {},
     "output_type": "execute_result"
    }
   ],
   "source": [
    "#Correlation of all columns\n",
    "corr=df.corr()\n",
    "corr\n"
   ]
  },
  {
   "cell_type": "code",
   "execution_count": 13,
   "metadata": {},
   "outputs": [
    {
     "data": {
      "text/plain": "      count      mean       std  min  25%  50%  75%  max\n1   14092.0 -0.994891  0.100961 -1.0 -1.0 -1.0 -1.0  1.0\n2   14092.0 -0.199617  0.874799 -1.0 -1.0 -1.0  1.0  1.0\n3   14092.0 -0.823020  0.568032 -1.0 -1.0 -1.0 -1.0  1.0\n4   14092.0 -0.983537  0.180715 -1.0 -1.0 -1.0 -1.0  1.0\n5   14092.0 -0.994039  0.109027 -1.0 -1.0 -1.0 -1.0  1.0\n6   14092.0 -0.612120  0.790793 -1.0 -1.0 -1.0 -1.0  1.0\n7   14092.0  0.344522  0.688642 -1.0  0.0  0.0  1.0  1.0\n8   14092.0  0.159949  0.987160 -1.0 -1.0  1.0  1.0  1.0\n9   14092.0  0.783139  0.621868 -1.0  1.0  1.0  1.0  1.0\n10  14092.0  0.743117  0.669186 -1.0  1.0  1.0  1.0  1.0\n11  14092.0 -0.999716  0.023826 -1.0 -1.0 -1.0 -1.0  1.0\n12  14092.0 -0.106585  0.994339 -1.0 -1.0 -1.0  1.0  1.0\n13  14092.0 -0.404414  0.904269 -1.0 -1.0 -1.0  1.0  1.0\n14  14092.0 -0.568408  0.800745 -1.0 -1.0 -1.0 -1.0  1.0\n15  14092.0 -0.379861  0.862633 -1.0 -1.0 -1.0  1.0  1.0\n16  14092.0 -0.316917  0.479858 -1.0 -1.0  0.0  0.0  1.0\n17  14092.0  0.150866  0.988589 -1.0 -1.0  1.0  1.0  1.0\n18  14092.0  0.170593  0.985377 -1.0 -1.0  1.0  1.0  1.0\n19  14092.0  0.150866  0.988589 -1.0 -1.0  1.0  1.0  1.0\n20  14092.0  0.152285  0.988372 -1.0 -1.0  1.0  1.0  1.0\n21  14092.0  0.151150  0.988546 -1.0 -1.0  1.0  1.0  1.0\n22  14092.0  0.178541  0.983967 -1.0 -1.0  1.0  1.0  1.0\n23  14092.0  0.439256  0.898394 -1.0 -1.0  1.0  1.0  1.0\n24  14092.0  0.793500  0.608592 -1.0  1.0  1.0  1.0  1.0\n25  14092.0  0.123829  0.954018 -1.0 -1.0  1.0  1.0  1.0\n26  14092.0  0.595728  0.774105 -1.0  1.0  1.0  1.0  1.0\n27  14092.0 -0.531223  0.847262 -1.0 -1.0 -1.0 -1.0  1.0\n28  14092.0  0.718138  0.695925 -1.0  1.0  1.0  1.0  1.0\n29  14092.0  0.000284  1.000035 -1.0 -1.0  1.0  1.0  1.0",
